902406	78244
902406	688749
902420	910820
902422	689812
902422	697587
902422	890318
902422	916311
902448	361768
902448	362425
902448	499348
902448	787105
902448	821524
902448	885207
902449	177755
902449	195559
902449	202779
902449	345698
902449	358733
902449	430348
902449	446957
902449	483532
902449	525177
902449	528076
902449	546924
902449	637700
902449	647265
902449	647579
902449	661787
902449	681356
902449	877157
902449	913431
902453	364749
902453	680799
902453	860177
902471	426125
902471	486980
902471	552725
902471	903895
902486	597621
902486	783319
902514	495084
902527	149646
902527	573193
902527	593190
902527	694240
902527	704396
902536	883220
902542	259061
902542	915351
902544	866304
902544	912562
902553	635797
902559	521391
902579	158259
902579	183097
902579	238030
902579	481856
902579	614831
902579	796657
915550	902587
902602	1892
902602	548680
902602	551894
902602	796508
902603	82023
902603	195214
902603	350847
902603	487390
902603	576651
902603	897141
902621	182327
902621	458879
902621	849077
902621	915476
902648	914663
902661	32163
902661	38513
902661	61021
902661	84687
902661	106814
902661	117784
902661	262495
902661	404944
902661	499899
902661	558111
902661	610158
902661	675204
902661	678827
902661	727857
902661	878837
911815	3170
911815	20514
911815	33130
911815	129210
911815	139291
911815	187455
911815	213770
911815	355761
911815	357645
911815	441386
911815	651184
911815	679723
911815	750938
911815	902671
902672	147906
902672	197327
902672	232231
902672	327774
902672	365354
902672	396321
902672	607492
902672	698654
902672	814738
902672	858362
902672	886526
902682	438493
902683	277876
902683	394819
902683	687122
902683	738221
902699	125142
902699	130356
902699	258641
902699	365659
902699	600769
902699	667582
902699	834800
902699	913099
902703	65946
902703	200994
902703	237372
902703	362876
902703	440355
902703	446852
902703	474590
902703	643535
902703	840374
902704	909342
902708	66264
902708	356136
902708	652078
902708	694057
902726	543010
902734	470716
902734	807915
902734	913376
902735	62928
902735	903808
902745	672
902745	605265
902747	330734
902747	916167
902752	526361
902754	74397
902754	328747
902754	913053
902758	900442
902758	900787
902758	909476
902759	912335
902760	906094
902764	726490
902786	249164
902786	476726
902787	323129
902787	489295
902787	912874
902791	30201
902791	42113
902791	50379
902791	199713
902791	216086
902791	229389
902791	271302
902791	316549
902791	323129
902791	339544
902791	361644
902791	550753
902791	590199
902791	771756
902791	823690
902791	874941
902791	909493
902799	19550
902799	42440
902799	74397
902813	41909
902813	69628
902813	119306
902813	333445
902813	378980
902813	446941
902813	464034
902813	497379
902813	522190
902813	686234
902813	785024
902813	803475
902813	808311
902813	857762
902813	875432
902813	893515
902817	416871
902817	786182
902817	846221
902820	64652
902820	622071
902820	630837
902820	659694
902820	828317
902820	874643
902820	907369
902820	915305
902822	156677
902822	429539
902822	597386
902822	784639
902823	353200
902823	477451
902823	579985
902823	914581
902831	748705
902832	905057
902832	907167
902836	13884
902836	139472
902836	710861
902840	162431
902845	664752
902845	906725
902846	4466
902846	908964
902849	43792
902849	203907
902849	375897
902849	913457
902853	308372
902853	558791
902853	852290
902853	865384
902853	899767
902853	911108
902867	241368
902885	811086
902885	915760
902890	87147
902890	152550
902890	181922
902890	199247
902890	208184
902890	273914
902890	325481
902890	465338
902890	676365
902890	719442
902890	823591
902893	381633
902893	428859
902893	809904
902893	915988
904633	103472
904633	233508
904633	339517
904633	365364
904633	468211
904633	819223
904633	902911
902917	47111
902917	539241
902941	49758
902941	460066
902941	558791
902941	622403
902941	780505
902941	907556
902953	787057
902953	914474
902953	915709
902959	146773
902959	904984
902963	669599
902971	452291
902971	844281
902977	162539
902977	331846
902977	656939
902980	225679
902980	399740
902980	769552
902980	840733
902982	80022
902982	111491
902982	130140
902982	183308
902982	201953
902982	415472
902982	512708
902982	610803
902982	756963
902988	25308
902988	33543
902988	191916
902988	203307
902988	209742
902988	235959
902988	263011
902988	314540
902988	316652
902988	336480
902988	339679
902988	456019
902988	682547
902988	756509
902988	766397
902988	786568
902988	835356
902988	858030
909689	270756
909689	557124
909689	595653
909689	778719
909689	820308
902994	152854
902994	520725
902994	893892
902996	69340
902996	101941
902996	325489
902996	474482
902996	508389
902996	517194
902996	521523
902996	537039
902996	555850
902996	566804
902996	608417
902996	832081
902996	881325
902996	913855
903042	141965
903042	465426
903042	605856
903045	915823
903052	911741
903053	339260
903053	873416
903053	909257
903054	384666
903054	452291
903054	580401
903054	721522
903054	770423
903054	772294
903054	833859
903054	841805
903054	883244
903054	884119
903054	890801
903054	900576
903054	906958
903054	909303
903061	507656
903066	477725
903066	896777
903066	905066
903066	909271
903066	909915
903083	91700
903083	397361
903083	886424
903083	906096
903085	1160
903085	384448
903085	420456
903085	442916
903085	511510
903085	537039
903085	606723
903085	699180
903085	896787
903096	665195
903096	672642
903098	778851
903104	160089
903104	322486
903104	468736
903104	518142
903104	539034
903104	837968
903110	320593
903110	466323
903110	766084
903119	87578
903119	122626
903119	839112
903119	901948
903153	8316
903153	630837
903153	897123
903153	915965
903163	528071
903163	767685
903190	832374
903190	845798
903190	906630
903193	73903
903193	165660
903193	200879
903193	244228
903193	410628
903193	447420
903193	545129
903193	663042
903193	687325
903204	332720
903204	556995
903208	8316
903208	532842
903208	630837
903208	735104
903208	783972
903208	785937
903208	838981
903208	892142
903208	897123
903208	912285
903208	913883
903208	915627
903213	2838
903219	257619
903219	353658
903219	452034
903219	764216
903264	137553
903264	159524
903264	213432
903264	525282
903264	916068
903275	257091
903275	800348
903275	907063
903280	168051
903280	412148
903280	555924
903280	630717
903280	799527
903280	862229
903287	907067
903287	910923
903293	74397
903293	597969
903293	715596
903293	906781
903293	909067
903295	799195
903295	846042
903295	863964
903318	612264
903331	7314
903344	75162
903344	449481
903344	649300
916228	10000
916228	414400
916228	531789
916228	654312
916228	777542
916228	911042
903346	173663
903346	305559
903346	376083
903346	497474
903346	545966
903346	565404
903346	673065
903346	706155
903369	212985
903369	908740
903388	45425
903388	485677
903388	621951
903388	901420
903388	913480
903390	8329
903390	13073
903390	59448
903390	61820
903390	78021
903390	78516
903390	86699
903390	107210
903390	108690
903390	113717
903390	127072
903390	139420
903390	164137
903390	169436
903390	211982
903390	216385
903390	220588
903390	259188
903390	264803
903390	280736
903390	297395
903390	298728
903390	321965
903390	339251
903390	340839
903390	342267
903390	357197
903390	358064
903390	394737
903390	396554
903390	404514
903390	406850
903390	424139
903390	431635
903390	446261
903390	454126
903390	464137
903390	473360
903390	491774
903390	506529
903390	532480
903390	550882
903390	557124
903390	564561
903390	568687
903390	569671
903390	587118
903390	588129
903390	602583
903390	614624
903390	616269
903390	625790
903390	670667
903390	686076
903390	694710
903390	715202
903390	727356
903390	734767
903390	748525
903390	755616
903390	760594
903390	781336
903390	807879
903390	808913
903390	824686
903390	843830
903390	847060
903390	869755
903390	880237
903390	882514
903390	889582
903390	891802
903397	130748
903397	207541
903397	365146
903397	430306
903397	441483
903397	520043
903397	557124
903397	606021
903397	628444
903397	807879
903397	861340
903397	875785
903397	889044
903399	857163
903399	882284
903399	895231
903399	903400
903410	39810
903410	178272
903410	191238
903410	227765
903410	280737
903410	291143
903410	335442
903410	357741
903410	510099
903410	685817
903410	718321
903410	748710
903444	181339
903444	204775
903444	287495
903444	681498
903449	14672
903449	163075
903449	197073
903449	394956
903449	563039
903449	889599
903449	901308
903449	905564
903449	910200
903453	50432
903453	123271
903453	185274
903453	377732
903453	398158
903453	643801
903453	759849
903453	791407
906933	732270
906933	832991
906933	904541
903468	891553
903468	914129
903468	916005
903478	62701
903478	565303
903478	717644
903478	819223
903478	832147
903478	874525
903478	909419
903478	913590
903478	914145
903478	915103
903504	62701
903504	819223
903504	909419
903504	913590
903504	914145
903504	915103
903509	914474
903509	915709
903514	20573
903514	144748
903514	355595
903514	526237
903514	765334
903516	910820
903517	800513
903517	832374
903517	845798
903517	906630
903523	384916
903523	434134
903523	670653
903523	885949
903550	735450
903550	910253
910253	2907
910253	19542
910253	39553
910253	54673
910253	67073
910253	71000
910253	181701
910253	258362
910253	265727
910253	283352
910253	367807
910253	368021
910253	372146
910253	372805
910253	428899
910253	496658
910253	591463
910253	662706
910253	758052
910253	759355
910253	833255
910253	859599
910253	864405
910253	875364
903573	597033
903573	803637
910879	121823
910879	270516
910879	402132
910879	496427
910879	559175
910879	666764
910879	768788
910879	780225
903580	284579
903605	546646
903605	898171
903605	915849
903616	910371
903622	161360
903622	173117
903622	659740
903622	736915
903640	513470
903640	908262
903643	76425
903643	595683
903672	49948
903672	553850
903672	691633
903677	62701
903677	565303
903677	717644
903677	819223
903677	832147
903677	874525
903677	909419
903677	913590
903677	914145
903677	915103
914004	240171
914004	903681
903692	909332
903697	97793
903697	905047
903700	257091
903700	829820
903700	905284
903706	506280
903706	564500
903706	704396
903706	704904
903709	276015
903709	408960
903709	457655
903709	675008
903709	801412
903713	232639
903713	245403
903713	822327
903716	137553
903716	159524
903716	213432
903716	525282
903716	916068
903719	678445
903719	907276
903743	8316
903743	532842
903743	610110
903743	897123
903757	155477
903757	752891
903757	796711
903765	912779
905768	206767
905768	691633
903802	171265
903802	486434
903802	882678
903802	908043
903807	50156
903807	85608
903807	121093
903807	428787
903807	545634
903807	636224
903807	730248
903807	784298
903807	786306
903807	867055
903807	872735
903807	896716
903807	907248
903820	176495
903820	213432
903820	421658
903820	554734
903820	895255
903834	343427
903834	834673
903834	912207
903836	28207
903836	44759
903836	91448
903836	278652
903836	306392
903836	423378
903836	436222
903836	571981
903836	577375
903836	583325
903836	661009
903836	661879
903836	701935
903836	715950
903836	770165
903836	792670
903836	876478
903836	894341
903836	912219
903836	912855
903866	7236
903866	30216
903866	73076
903866	97283
903866	137022
903866	210716
903866	252684
903866	261558
903866	311401
903866	337924
903866	393541
903866	536300
903866	551829
903866	725747
903866	798730
903866	875066
903871	31504
903880	527675
903880	537039
903880	782703
903880	846770
903880	872062
903880	881796
903880	893042
903896	63564
903896	148472
903896	458999
903896	484948
903896	510652
903896	674199
903896	693576
903896	759756
903896	787509
903896	821538
903896	854411
903896	855842
903896	877633
903914	885737
903914	904585
903917	19936
903917	71490
903917	335907
903917	376779
903917	504600
903917	532776
903917	579577
903917	583183
903917	694644
903917	780619
903917	904759
903974	721816
903984	686373
904008	159079
904008	161874
904008	241366
904008	246452
904008	260840
904008	328517
904008	528370
904008	554826
904008	680624
904008	702061
904008	800425
904008	895240
904028	745630
904028	797069
904033	9810
904033	82466
904033	164673
904033	187358
904033	224615
904033	633524
904033	643483
904041	191810
904041	805946
904044	911557
904044	911764
904067	36292
904067	913622
904096	452291
904096	506952
904102	14672
904102	163075
904102	394956
904102	910200
904106	161628
904106	438443
904106	448961
904106	795240
904106	875417
904120	143222
904124	62701
904124	819223
904124	909419
904124	913590
904124	914145
904124	915103
904129	551829
904139	787057
904139	914474
904139	915709
904146	353200
904146	477451
904146	579985
904146	914581
904158	185067
904158	682873
904158	686064
904158	820444
904158	909481
904159	911878
904163	837478
904163	915573
904164	374008
904164	468736
904164	593505
904164	681015
904167	137553
904167	159524
904167	213432
904167	525282
904167	916068
904174	361076
904174	481245
904174	745108
904174	885605
904174	894344
904184	832374
904184	845798
904184	906630
904219	8316
904219	532842
904219	630837
904219	735104
904219	783972
904219	785937
904219	892142
904219	897123
904219	911390
904219	912285
904219	913883
904219	915627
904270	36292
904270	62158
904270	107414
904270	253134
904270	424304
904270	450146
904270	485029
904270	499775
904270	516357
904270	540553
904270	622390
904270	626762
904270	634425
904270	695005
904270	747386
904270	901289
904270	912948
904295	49632
904295	80758
904295	211989
904295	235053
904295	300774
904295	326113
904295	339536
904295	341270
904295	419116
904295	477114
904295	668004
904295	846634
904295	881766
904297	50059
904297	52082
904297	80532
904297	161893
904297	187541
904297	259717
904297	332832
904297	414780
904297	614831
904297	719878
904297	755928
904297	812852
904304	62852
904304	450276
904304	556066
904304	629689
904304	771994
904305	23526
904305	50401
904305	135161
904305	177706
904305	434987
904305	456245
904305	569433
904305	701744
904305	763139
904305	828963
904305	862402
904305	897251
904305	908832
904305	910508
906599	221856
904341	71971
904343	244888
904356	237071
904356	296509
904356	428313
904356	434238
904356	435255
904356	456976
904356	471503
904356	494620
904356	575409
904356	602941
904356	731502
904356	780725
904356	900158
904377	698532
904393	187339
904393	286022
904393	287443
904393	378675
904393	468638
904393	478676
904393	504140
904393	688115
904393	828460
904396	41321
904396	96849
904396	246397
904396	250776
904396	309995
904396	336370
904396	360763
904396	381847
904396	451286
904396	545342
904396	644150
904396	665003
904396	706407
904396	828567
904403	89066
904403	231830
904403	245186
904403	284369
904403	292858
904403	417214
904403	472218
904403	555925
904403	630770
904403	672010
904403	705372
904403	721534
904403	725649
904403	750415
904403	789565
904403	795343
904405	537039
904409	87333
904409	300154
904409	912779
904414	354557
904414	471672
904414	556551
904414	860815
904414	871658
904414	902562
904414	905350
904427	384666
904427	452291
904427	580401
904427	721522
904427	770423
904427	772294
904427	833859
904427	841805
904427	853317
904427	883244
904427	884119
904427	890801
904427	900576
904427	906958
904427	909303
904430	57467
904430	65952
904430	100158
904430	313490
904430	326136
904430	413092
904430	588539
904430	665975
904430	711760
904430	733260
904430	828061
904430	846926
904445	223236
904445	253375
904445	295116
904445	315955
904445	496292
904445	634795
904445	814716
904445	825274
904445	871371
904446	495084
904458	170728
904458	568813
904458	913322
904458	916017
904473	62701
904473	104205
904473	565303
904473	717644
904473	819223
904473	832147
904473	874525
904473	913590
904473	914145
904473	915103
904487	906008
904488	172133
904488	255978
904488	416747
904488	859719
910615	30541
910615	307084
910615	370785
910615	505339
910615	570507
910615	615261
904503	7104
904503	168680
904503	446514
904503	597620
904503	726825
904503	738633
904503	798756
904517	737717
904517	772466
904527	151554
904527	537039
904527	761528
904528	446121
904535	60222
904535	750214
904535	756487
904535	851983
904535	906075
904535	911631
904536	332318
904536	344894
904536	704457
904536	772580
904536	874638
904542	486480
904542	558791
904542	914855
904544	907714
904545	114429
904545	912933
904547	125708
904547	760987
904550	903260
904550	912518
904553	914348
904554	502577
904554	761686
904560	908351
904578	16868
904578	441268
904578	778294
904578	809485
904578	840741
904578	841525
904578	869080
904578	898054
904578	898871
904578	909086
904578	909370
904578	916046
904588	239631
904588	277883
904588	331182
904588	373670
904588	388410
904588	421448
904588	678316
904588	778972
904588	787949
904588	870811
904591	420575
904591	516015
904591	695006
904591	721816
904591	724094
904591	739420
904609	323129
904609	489295
904609	912874
904610	578326
904621	46630
904621	228001
904621	242009
904621	371767
904621	896297
904621	912355
904626	172133
904626	439404
904626	495608
904627	604497
904636	493464
904641	105063
904641	285772
904641	380753
904641	533209
904644	819223
904644	913590
904644	914145
904644	915103
904664	353200
904664	477451
904664	579985
904664	914581
904668	233186
904668	259918
904668	361768
904668	779193
904668	821524
904668	899779
904669	74397
904669	132882
904669	307747
904669	355533
904669	657532
904669	683681
904669	912940
904673	353200
904673	477451
904673	579985
904673	914581
904983	904678
904684	818190
904691	892488
904691	915029
904691	915140
904691	915957
904709	569905
904709	673065
904709	677480
904709	749451
904709	782106
904709	822642
904709	825267
904709	843148
904709	899005
904718	520697
904718	693946
904718	892515
904718	913628
904721	56677
904721	76695
904721	478483
904721	846221
904722	519530
904722	686902
904740	139342
904740	148743
904740	162263
904740	359483
904740	504140
904740	576794
904740	692035
904740	854261
904740	916147
916147	504140
916147	566461
904742	2483
904742	74607
904742	468638
904742	550969
904742	763139
904742	907763
904750	17697
904750	54291
904750	72674
904750	190636
904750	213617
904750	484185
904750	533640
904750	738803
904750	749574
904763	511128
904775	474950
904775	757328
904775	817814
904782	343427
904782	834673
904782	912207
904800	208302
904800	532842
904800	735104
904800	756184
904800	843041
904800	869409
904805	206786
904805	822919
904805	880639
904829	46650
904829	587338
904841	94511
904841	228843
904841	245728
904841	282692
904841	337825
904841	427660
904841	486434
904841	578365
904841	736685
904841	749115
904841	783533
904841	868184
904841	872639
904876	916308
904885	57118
904885	138282
904885	213431
904885	335531
904885	446206
904885	572965
904885	721816
904885	863899
904902	339258
904902	350234
912411	349639
904916	54377
904916	110091
904916	320269
904916	396124
904916	396321
904916	417644
904916	523491
904916	643231
904916	657997
904916	694168
904918	13505
904918	87899
904918	99379
904918	124908
904918	285090
904918	303130
904918	437969
904918	455010
904918	465399
904918	486980
904918	658333
904918	738994
904932	857184
904932	909223
904942	408816
904942	617050
904942	916146
904946	717961
904946	898156
904946	912174
904951	349529
904951	573135
904951	630789
904951	652466
904951	742819
904974	646796
904987	223236
904987	590073
904987	814716
904993	153645
904993	163075
904993	225083
904993	251166
904993	466554
904993	525536
904993	651633
904993	696452
904993	720375
904993	735940
904993	756409
904993	904725
904996	138841
904996	186293
904996	347007
904996	391550
904996	428493
904996	599130
904996	632716
904996	836472
904997	24068
904997	417946
904997	454434
904997	475096
904997	481145
904997	847052
905006	709796
905015	136971
905015	291545
905015	302354
905015	302592
905015	380841
905015	417194
905015	450789
905015	459074
905015	506683
905015	566221
905015	611656
905015	680218
905015	689786
905015	704105
905015	718958
905015	801617
905015	807681
905025	264456
905025	522200
905025	804489
905025	814891
905028	114306
905028	595149
905036	313466
905036	907576
905052	863232
905052	914230
905061	384666
905061	452291
905061	844281
905061	912199
905065	353200
905065	477451
905065	579985
905065	914581
905067	832374
905067	845798
905067	906630
905088	851509
905088	913102
905093	832374
905093	845798
905093	903321
905093	906630
905093	915031
905098	7314
905098	56267
905098	334872
905098	463175
905098	482254
905098	726718
905101	42037
905101	75588
905101	217682
905102	15143
905102	680303
905102	744112
905102	797804
905102	824240
905102	866674
905102	906443
905110	357952
905110	400359
905110	631906
905110	879017
905110	909955
905138	710760
905142	819223
905142	909419
905142	913590
905142	914145
905142	915103
905147	106914
905147	578786
905152	906690
905161	55951
905161	399434
905161	599737
905161	681588
905161	693187
905161	718241
905161	742793
905163	43792
905163	203907
905163	375897
905163	913457
905172	733800
905182	477725
905182	896777
905182	909271
905186	913693
905192	58763
905192	123555
905192	151821
905192	214820
905192	231757
905192	239724
905192	264791
905192	270881
905192	277588
905192	360550
905192	374640
905192	375320
905192	383996
905192	398772
905192	429824
905192	455852
905192	471148
905192	471995
905192	509448
905192	548366
905192	565368
905192	573091
905192	587032
905192	593440
905192	605320
905192	610121
905192	616537
905192	624980
905192	646796
905192	658631
905192	660204
905192	664074
905192	680360
905192	713457
905192	717501
905192	719127
905192	719863
905192	723631
905192	726290
905192	749140
905192	750293
905192	766301
905192	768832
905192	774145
905192	781822
905192	783339
905192	787672
905192	820368
905192	830692
905192	832502
905192	846017
905192	856176
905192	866794
905192	889995
905192	891199
905192	893456
905192	910851
905192	913131
905192	914749
905192	915503
905201	163075
905201	564187
905232	410445
905238	54361
905238	114146
905238	351509
905238	403970
905238	470276
905238	810446
905242	20665
905242	137773
905242	143337
905242	178618
905242	203785
905242	212795
905242	255355
905242	369246
905242	392312
905242	614831
905242	761437
905265	195559
905265	483532
905265	546924
905265	647579
905265	842924
905287	341736
905293	539914
905302	916055
905324	216097
905330	44984
905330	286785
905330	306637
905330	457149
905330	515127
905330	551474
905330	597621
905330	664889
905330	674060
905349	146221
905349	346559
905349	402846
905349	490982
905349	531027
905349	624317
905349	701703
905349	717644
905349	782057
905349	838275
905349	853324
905349	859047
905368	894782
905369	129140
905369	158704
905369	301753
905369	333776
905369	474478
905369	497546
905369	605856
905369	643120
905369	651030
905369	713009
905369	749419
905369	762057
905369	791689
905369	840062
905369	886326
905369	903535
905439	8316
905439	532842
905439	630837
905439	735104
905439	783972
905439	857516
905439	892142
905439	897123
905439	904581
905439	912285
905439	914502
905454	45405
905454	182338
905454	319835
905454	431733
905454	516023
905454	532703
905454	567419
905454	627440
905454	780436
905454	826252
905471	496266
905478	12395
905478	51769
905478	65772
905478	72783
905478	323210
905478	367245
905478	456007
905478	456429
905478	647654
905478	743752
905478	825235
905478	841208
905478	913136
905495	837478
905495	915573
905511	232639
905511	245403
905511	804332
905511	887268
905511	902993
905522	263135
905522	298319
905522	352447
905522	373361
905522	547902
905522	612617
905522	907726
905533	205979
905533	903728
905538	543010
905538	765334
905556	70053
905556	146550
905556	492100
905556	676202
905556	732514
905556	750791
905556	764480
905556	786566
905556	790973
905556	804464
905556	814002
905556	858952
905556	891442
905590	16868
905590	441268
905590	778294
905590	809485
905590	840741
905590	841525
905590	869080
905590	898054
905590	898871
905590	909086
905590	909370
905590	916046
905597	551829
905597	894925
905597	911416
905609	17393
905609	139157
905609	211414
905609	288156
905609	330726
905609	333636
905609	352303
905609	361174
905609	400962
905609	419850
905609	447272
905609	450233
905609	461552
905609	683218
905609	723228
905609	758493
905609	833664
905609	849612
905609	889893
905626	628564
905626	788686
905637	476654
905637	791480
905653	908310
905670	437423
905670	889877
905674	69628
905674	85383
905674	89072
905674	367533
905674	405561
905674	784420
905674	796378
905674	836391
905677	551829
905709	727920
905709	828963
905733	79865
905733	129889
905733	251933
905733	587721
905733	729603
905733	804291
905737	76886
905737	129883
905737	184899
905737	225425
905737	326228
905737	346699
905737	429015
905737	533057
905737	578979
905737	605421
905737	644246
905737	768335
905737	817585
905737	886537
905739	113180
905739	223236
905739	478331
905739	688226
905739	814716
905749	762478
905749	872051
905749	913631
905751	540789
905778	39503
905778	72663
905778	260151
905778	326893
905778	381571
905778	597859
905786	913660
905796	46074
905796	460881
905811	353200
905811	477451
905811	579985
905811	914581
905815	735450
905850	14672
905850	163075
905850	394956
905850	905564
905850	910200
905857	884783
905872	43792
905872	203907
905872	375897
905872	913457
905873	51934
905873	95263
905873	298052
905873	387727
905873	633105
905873	646796
905873	705027
905873	846777
905873	880241
905904	396321
905909	81971
905909	252455
905909	913740
905926	323129
905926	489295
905926	912874
905944	74397
905944	877281
905952	756730
905956	408816
905956	617050
905956	916146
905964	402096
905964	737071
905964	836822
905964	912728
905970	715615
905993	874038
905993	880403
905993	897089
905993	916292
906006	832374
906006	845798
906006	903321
906006	906630
906006	915031
906012	45426
906012	64866
906012	116198
906012	132653
906012	135927
906012	142596
906012	175847
906012	181641
906012	303356
906012	378674
906012	380022
906012	384338
906012	405199
906012	407610
906012	418155
906012	529691
906012	593088
906012	743472
906012	785080
906012	801143
906012	810446
906012	830186
906012	887923
906045	203463
906045	610726
906045	689109
906055	80338
906055	171444
906055	442543
906055	522883
906055	582682
906055	793533
906055	914431
906077	54389
906077	76900
906077	119811
906077	211792
906077	330443
906077	471699
906077	474349
906077	495278
906077	563354
906077	662038
906077	765570
906077	778593
906077	817843
906077	818382
906077	892657
906091	54147
906091	153617
906091	356032
906113	483532
906113	739862
906115	184241
906115	202885
906115	352119
906115	386922
906115	397211
906115	473793
906115	546381
906115	555924
906115	798476
906115	865770
906115	900033
906115	908278
906177	587935
906181	137553
906181	159524
906181	213432
906181	525282
906181	916068
906194	43792
906194	203907
906194	375897
906194	913457
906202	74397
906202	295360
906202	328747
906202	715596
906202	881510
906202	913053
906213	284243
906213	340229
906213	361399
906213	392685
906213	434134
906213	589290
906213	651017
906221	399699
906221	412737
906248	103898
906248	363296
906248	366057
906248	413517
906248	439155
906248	643783
906248	720576
906278	837478
906278	915573
906300	837478
906300	915573
906332	354557
906332	460046
906332	471672
906332	556551
906332	786398
906332	902562
906332	903226
906332	910282
906332	911166
906332	912511
906332	916158
906343	188832
906354	41909
906354	73696
906354	155937
906354	159850
906354	165568
906354	259653
906354	312075
906354	392666
906354	517396
906354	621447
906354	636015
906354	739253
906354	780160
906354	789459
906354	840833
906361	420145
906361	912502
906370	353200
906370	477451
906370	579985
906370	914581
906375	900291
906375	909556
906378	187242
906378	307852
906378	774473
906378	812127
906378	893061
906378	904556
906378	906265
906378	910874
906408	63436
906414	149758
906426	37676
906426	207838
906426	323702
906426	552788
906426	665296
906426	672014
906426	906627
906470	666882
906474	418950
906474	493465
906474	878836
906486	26635
906486	55667
906486	113666
906486	149920
906486	161226
906486	300607
906486	311111
906486	318917
906486	371047
906486	374375
906486	420331
906486	503566
906486	659342
906486	684917
906486	737329
906486	775631
906486	795081
906486	857881
906486	898278
906531	10794
906531	68245
906531	340229
906531	361399
906531	379782
906531	434134
906531	501722
906531	589290
906531	651017
906531	750122
906531	914616
906550	82163
906550	323129
906550	443654
906550	810803
906552	915791
906558	120318
906558	438491
906558	587420
906558	884573
906558	914188
906566	496959
906566	881731
906566	913465
906587	62701
906587	565303
906587	717644
906587	819223
906587	832147
906587	874525
906587	898741
906587	909419
906587	914145
906587	915103
906590	304984
906590	330792
906590	689841
906594	84720
906594	254553
906594	264291
906594	293685
906594	375137
906594	407559
906594	597607
906594	616563
906594	679575
906594	691580
906594	729906
906594	730948
906594	805253
906594	842869
906594	891036
906594	903165
906594	914128
906607	353200
906607	477451
906607	579985
906607	914581
906612	596239
906612	899893
906612	916063
906619	193414
906619	913693
906644	907001
906645	6236
906645	64112
906645	182121
906645	208407
906645	317299
906645	341938
906645	426629
906645	441497
906645	553452
906645	749957
906645	860478
906648	19894
906648	102932
906648	206911
906648	211998
906648	361882
906648	423625
906648	508053
906648	533134
906648	591156
906648	665336
906648	751751
906648	818382
906648	835739
906648	895702
906648	901472
906660	215363
906667	216937
906667	814594
906669	32163
906669	160516
906669	209874
906669	224377
906669	636733
906669	666041
906669	670691
906669	690307
906669	819768
906669	821006
906671	282333
906671	633704
906671	739130
906671	870861
906671	900056
906675	200085
906675	431137
906675	597621
906675	783319
906675	826878
906675	878167
911639	371028
911639	410696
911639	467558
911639	522683
906723	725300
906738	227843
906738	583323
906738	892709
906766	140954
906766	179275
906766	477898
906766	519773
906766	585112
906766	749227
906779	57791
906779	162390
906779	213770
906779	400052
906779	441069
906779	508708
906779	552817
906779	618743
906786	59244
906786	101598
906786	199995
906786	201784
906786	277144
906786	890362
906790	596972
906790	760709
906793	33194
906793	372625
906793	448961
906793	484299
906793	619368
906793	674283
906793	688273
906793	757338
906793	795240
906793	802075
906817	493465
906817	687240
906817	820421
906817	878836
906821	576158
906840	468736
906841	837478
906841	915573
906843	909680
906844	892488
906844	915029
906844	915140
906844	915957
906868	14513
906868	294871
906881	854425
906906	8316
906906	303980
906906	803287
906907	762205
906907	817299
906913	504140
906913	871807
906935	31134
906935	101843
906935	172133
906935	218536
906935	253580
906935	314554
906935	479936
906935	595971
906935	771324
906935	847969
906935	850100
906953	244888
906968	353200
906968	477451
906968	579985
906968	914581
906971	862957
906971	913682
906978	800513
906978	832374
906978	845798
906978	906630
906989	18545
906989	435058
906989	787855
906993	82531
906993	140014
906993	265418
906993	329954
906993	419507
906993	458359
906993	532417
906993	571446
906993	684125
906993	704127
906993	806035
907028	170002
907028	382295
907028	540029
907028	556479
907028	592991
907028	745249
907035	103202
907035	564845
907035	581014
907035	614831
907041	891203
907041	898533
907055	353200
907055	477451
907055	579985
907055	914581
907157	353200
907157	477451
907157	579985
907157	914581
907161	284579
907161	364455
907193	68700
907193	278126
907193	485106
907193	704396
907198	9706
907198	155455
907198	185123
907198	207953
907198	232848
907198	330541
907198	426006
907198	509108
907198	637936
907198	647648
907198	883712
907199	913197
907202	10453
907202	70261
907202	210474
907202	228513
907202	312638
907202	417728
907202	438493
907202	499324
907202	500627
907202	515434
907202	616919
907202	632721
907202	752882
907202	773793
907202	799419
907202	856881
907218	9111
907218	242672
907218	245186
907218	453590
907218	508054
907218	615960
907218	694601
907218	699695
907219	22789
907219	537039
907221	909738
907291	129140
907291	158704
907291	301753
907291	333776
907291	474478
907291	497546
907291	605856
907291	643120
907291	651030
907291	713009
907291	749419
907291	762057
907291	791689
907291	840062
907291	886326
907291	903535
907302	18726
907302	23526
907302	50401
907302	80197
907302	120732
907302	148816
907302	154061
907302	177706
907302	380222
907302	409954
907302	454299
907302	455789
907302	456245
907302	480713
907302	513596
907302	569433
907302	571234
907302	653665
907302	701744
907302	733364
907302	755072
907302	763139
907302	812143
907302	828963
907302	885369
907302	897251
907302	904898
907302	907690
907327	789416
907327	909857
907344	716770
907349	914768
907360	754593
907379	878225
907379	879538
907379	909459
907391	354640
907391	705262
907396	202805
907396	218783
907396	407469
907396	469987
907396	534674
907396	885605
907407	170306
907407	235850
907407	306412
907407	352327
907407	416540
907407	497025
907407	577375
907407	599300
907407	726490
907407	756612
907407	915160
907424	485474
907424	493942
907424	787441
907424	843966
907448	23089
907448	38612
907448	61340
907448	166308
907448	854938
907448	908351
907455	408816
907455	617050
907455	916146
907471	656209
907472	5894
907472	32296
907472	175382
907472	314201
907472	624788
907472	650932
907472	703348
907472	747573
907472	831249
907472	872498
907472	891113
907472	904419
907484	49583
907484	606581
907484	816279
907484	909793
907489	200085
907489	597621
907489	767962
907489	783319
907489	826878
907489	878167
907495	837478
907495	915573
915135	907497
907500	837478
907500	915573
907514	99037
907514	136013
907514	182623
907514	186699
907514	230790
907514	234367
907514	333738
907514	340921
907514	432889
907514	555924
907514	568203
907514	603756
907514	722864
907514	824602
907521	105629
907521	279618
907521	490022
907521	832371
907521	849838
907530	175966
907530	532940
907530	725742
907530	819338
907538	656044
907547	58273
907547	381633
907547	466345
907547	873698
907547	914182
907548	120318
907548	438491
907548	587420
907548	884573
907548	914188
907562	308372
907562	558791
907562	852290
907562	865384
907562	899767
907562	911108
907603	421517
907603	626741
907605	239344
907605	913918
907653	911376
907653	916127
907655	142399
907655	195559
907655	258713
907655	313146
907655	422969
907655	483532
907655	647579
907655	658392
907655	690935
907655	740068
907655	914369
907687	242457
907687	516875
907687	602445
907687	668882
907687	674162
907687	726490
907698	804489
907718	167206
907718	797061
907718	913149
907725	915585
907737	1500
907737	94344
907737	526202
907737	529654
907737	596972
907737	702189
907737	780536
907756	246843
907756	612264
907756	666516
907759	40284
907759	223404
907759	240528
907759	425924
907759	426541
907759	434502
907759	531930
907759	537903
907759	722294
907759	884125
907759	898902
907786	131305
907786	534858
907791	434134
907791	790679
907791	859032
907806	78813
907806	305985
907806	391646
907806	537039
907833	596239
907833	899893
907833	916063
907848	270182
907848	323129
907848	489295
907848	912874
907877	74735
907877	94657
907877	391537
907877	407610
907899	56097
907899	264027
907899	392475
907899	473528
907899	539241
907899	656041
907899	704495
907899	829963
907936	837478
907936	915573
907954	531796
907954	587935
907960	146877
907960	466013
907960	470616
907960	504140
907979	81089
908012	353200
908012	477451
908012	579985
908012	914581
908018	49758
908018	460066
908018	558791
908018	622403
908018	907556
908023	257091
908023	852441
908023	909283
908036	94353
908036	218920
908036	915838
908039	867883
908039	911458
908042	914474
908042	915709
908051	14691
908051	83216
908051	127513
908051	138389
908051	175847
908051	407610
908051	520603
908051	756054
908051	891714
908056	167836
908056	218472
908056	236051
908056	323040
908056	327324
908056	340009
908056	433239
908056	591161
908056	625690
908056	885609
908060	481074
908060	612264
908066	776305
908118	237181
908118	268293
908118	512126
908118	545066
908118	574111
908118	585380
908118	650963
908118	813680
908140	916181
908157	22128
908157	23200
908157	26802
908157	266889
908157	295506
908157	337365
908157	453909
908157	461659
908157	557638
908157	575457
908157	589763
908157	677702
908157	721816
908157	780658
908157	785846
908157	910713
908203	914057
908209	32163
908209	48888
908209	134750
908209	138746
908209	230053
908209	409118
908209	624510
908209	791303
908209	808650
908209	812640
908209	914865
908229	911312
908235	330734
908235	915579
908239	244888
908244	915847
908251	900659
908251	914573
908285	14367
908285	123776
908285	134646
908285	145609
908285	231388
908285	324762
908285	340038
908285	383623
908285	587935
908285	651505
908285	909424
908286	24689
908286	238458
908286	316044
908286	369658
908333	3397
908333	8665
908333	37166
908333	98853
908333	241499
908333	309368
908333	335128
908333	384700
908333	414398
908333	531306
908333	680481
908333	713978
908333	826877
908333	909520
908370	745073
908370	914497
908400	63560
908400	912157
908429	29778
908429	208097
908429	304595
908429	330806
908429	421348
908429	699802
908432	48652
908432	146997
908432	168615
908432	407610
908432	851462
908442	223257
908442	533900
908442	629408
908442	799381
908442	915429
908465	910471
908469	43792
908469	203907
908469	375897
908469	913457
908472	137553
908472	159524
908472	213432
908472	525282
908472	916068
908476	837478
908476	915573
908484	345591
908484	428374
908484	445788
908484	465054
908484	564517
908484	855473
908485	879880
908488	399085
908488	578323
908488	689489
908488	735455
908488	786776
908488	840359
908488	879527
908506	51390
908506	145502
908506	191990
908506	278668
908506	347129
908506	454319
908506	490492
908506	519564
908506	535540
908506	543188
908506	767068
908506	838660
908506	866680
908539	577976
908539	911356
908547	533900
908547	629408
908547	799381
908547	915429
908559	833655
908559	915306
908575	21346
908575	45062
908575	126549
908575	155997
908575	206664
908575	255641
908575	508053
908575	537045
908575	546184
908575	655164
908581	75664
908581	78832
908581	596972
908601	353103
908630	914768
908666	563728
908692	47371
908692	61756
908692	102790
908692	117665
908692	182337
908692	291988
908692	342275
908692	559869
908692	591067
908692	600891
908692	721343
908692	762917
908692	855235
908724	504140
908727	222056
908727	434570
908794	82262
908794	189781
908794	193111
908794	256442
908794	399003
908794	401201
908794	500947
908794	546380
908794	581047
908794	605969
908794	841350
908794	855123
908794	869952
908839	343427
908839	834673
908839	912207
908855	4626
908855	59001
908855	70358
908855	153437
908855	270286
908855	270901
908855	273409
908855	356259
908855	420777
908855	793482
908855	810432
908855	832477
908855	885605
908859	68244
908859	221737
908859	298511
908859	565535
908859	784675
908859	814918
908859	863153
908867	40144
908867	464015
908867	829544
908922	353200
908922	477451
908922	579985
908922	914581
908947	43792
908947	203907
908947	375897
908947	652968
908947	913457
908953	837478
908953	915573
908978	913197
908983	339775
908983	474432
908983	587721
909012	738398
909013	898533
909015	118895
909015	128478
909015	164505
909015	225567
909015	307859
909015	320519
909015	336854
909015	381767
909015	434702
909015	481490
909015	569895
909015	607925
909015	655417
909015	672272
909015	753652
909015	821232
909015	867243
909015	881208
909015	901039
909015	909229
909229	481490
909229	607925
909229	821232
909229	881208
909229	901039
909053	137553
909053	159524
909053	213432
909053	525282
909053	916068
909054	163050
909054	185795
909054	190576
909054	463366
909054	542301
909054	856837
909054	873633
909064	43792
909064	203907
909064	375897
909064	913457
909087	398524
909087	722251
909087	781102
909087	801058
909088	832374
909088	845798
909088	906630
909093	459762
909093	486434
909093	767004
909093	882678
909093	910343
909104	294139
909104	306014
909104	387641
909104	487457
909112	124913
909112	142337
909112	185880
909112	226374
909112	537089
909112	663389
909112	678242
909112	741534
909112	846248
909142	749805
909142	835033
909167	14393
909167	116413
909167	159541
909167	279824
909167	513343
909167	536368
909167	544623
909167	592877
909167	658620
909167	745831
909167	770864
909167	775537
909167	831209
909167	874264
909167	874619
909167	892482
909168	43792
909168	203907
909168	375897
909168	913457
909171	769728
909171	902873
909183	231272
909183	281011
909183	713171
909191	845798
909191	906630
909191	915031
909197	49388
909197	351789
909197	512843
909197	551829
909197	821414
909198	218893
909198	368459
909198	699754
909198	700093
909199	328535
909199	504140
909199	560395
909199	578427
909199	628223
909199	637007
910984	785394
910984	818382
909230	116131
909230	125697
909230	222800
909230	230904
909230	502283
909230	525058
909230	575692
909230	640218
909230	712500
909230	745559
909230	756323
909230	825808
909230	871743
909230	915784
909233	404335
909233	892162
909255	187242
909255	307852
909255	774473
909255	812127
909255	893061
909255	904556
909255	906265
909255	910874
909293	870811
909322	915791
909337	13211
909337	285964
909337	504189
909337	504928
909337	539825
909337	743620
909337	806825
909337	821435
909337	826790
909337	873615
909337	913332
909345	408816
909345	617050
909345	916146
909352	6236
909352	261766
909352	796574
909371	914684
909373	634441
909388	399699
909388	412737
909403	107679
909403	411820
909403	481901
909403	522334
909403	699826
909403	740277
909403	864828
909403	892560
909406	301303
909406	721816
909420	13699
909420	762816
909420	813523
909463	863232
909463	914230
909465	353200
909465	477451
909465	579985
909465	914581
909467	100742
909467	101764
909467	195816
909467	235020
909467	285328
909467	529749
909467	587721
909467	593402
909467	617372
909467	620972
909467	651037
909467	665174
909467	901355
909477	877822
909477	910386
909480	826431
909482	181513
909482	374403
909482	624079
909482	707439
909506	47570
909506	609036
909519	84780
909519	401634
909519	421883
909519	488096
909519	499014
909519	554520
909519	632740
909519	668556
909519	768878
909519	839105
909586	80293
909586	569905
909586	620685
909586	673065
909586	677480
909586	780296
909586	782106
909586	822642
909586	825267
909586	843148
909586	899005
909599	43792
909599	203907
909599	375897
909599	913457
909603	15994
909603	126223
909603	190184
909603	263792
909603	398970
909603	408343
909603	462721
909603	549488
909603	551067
909603	794776
909603	900473
909605	491959
909605	513907
909605	792454
909605	820765
909605	882122
909605	914041
909611	254575
909611	354155
909611	399699
909611	572219
909611	742770
909664	408816
909664	617050
909664	916146
909676	164356
909676	238973
909695	912837
909718	131111
909730	800513
909730	832374
909730	845798
909730	906630
909754	82221
909754	599130
909762	120318
909762	438491
909762	587420
909762	884573
909762	914188
909781	819223
909781	909419
909781	913590
909781	914145
909781	915103
909791	11173
909791	136654
909804	257969
909804	565405
909804	673633
909804	913285
909828	18503
909828	223242
909828	467530
909828	479672
909828	722549
909828	750703
909828	913809
909833	8316
909833	532842
909833	897123
909853	586153
909853	679165
909853	844281
909870	7314
909870	916155
909878	115860
909878	835033
909891	187242
909891	352056
909896	422858
909896	700982
909896	775770
909896	801651
909896	826697
909896	878103
909896	896782
909896	907736
909896	912181
909906	402132
909924	254152
909924	415142
909924	450174
909924	477752
909924	525643
909924	578244
909924	749550
909924	792597
909924	815497
909924	885605
909945	535957
909945	646192
909945	780557
909946	25898
909946	32597
909946	35952
909946	36919
909946	235030
909946	299257
909946	332709
909946	371632
909946	713424
909946	754732
909946	759819
909946	815708
909986	105185
909986	137500
909986	141723
909986	170452
909986	744104
910008	86902
910008	151581
910008	195407
910008	378054
910008	394027
910008	435058
910008	525582
910008	787855
910008	811318
910008	857134
910032	649814
910085	915791
910088	36292
910088	96506
910088	278013
910089	74397
910089	877281
910092	192420
910092	427664
910120	343495
910120	402132
910120	601113
910126	648321
910131	161360
910131	182327
910131	315260
910131	687325
910131	736915
910137	3820
910137	486434
910137	562675
910152	194593
910152	353644
910152	479255
910152	484478
910152	552590
910152	572446
910152	915872
910166	368675
910166	798357
910169	261655
910169	446211
910171	48002
910171	540892
910171	807858
910175	527675
910175	537039
910175	782703
910175	799274
910175	846770
910175	872062
910175	881796
910175	893042
910175	911838
910181	259325
910186	31504
910196	7314
910196	751173
910211	187242
910211	446438
910211	715308
910211	760525
910211	798568
910211	874840
910211	901463
910222	41909
910222	69628
910222	119306
910222	333445
910222	464034
910222	497379
910222	522190
910222	785024
910222	803475
910222	808311
910222	857762
910222	875432
910222	893515
910227	353200
910227	477451
910227	579985
910227	914581
910269	315949
910269	364271
910269	397545
910269	407925
910269	443482
910269	637461
910269	668958
910269	691633
910269	695113
910269	720132
910269	827932
910281	504140
910281	539710
910281	559452
910281	596354
910281	768453
910281	780560
910281	898222
910281	905210
910283	281035
910283	425221
910283	812964
910290	98055
910295	53023
910295	127634
910295	226374
910295	240844
910295	263799
910295	324502
910295	454115
910295	494555
910295	577775
910295	642875
910295	655947
910296	162220
910296	223392
910296	540038
910296	619179
910296	631307
910296	715784
910296	746192
910296	763059
910296	821502
910331	459074
910336	1874
910336	45440
910336	67916
910336	144662
910336	151257
910336	301596
910336	312272
910336	404949
910336	455980
910336	555924
910336	591841
910336	614224
910336	741760
910336	795221
910336	865079
910336	905532
910336	912725
912725	87030
912725	144662
912725	555924
912725	905532
910341	244888
910347	837478
910347	915573
910350	402846
910350	467595
910350	480836
910350	490982
910350	499733
910350	615873
910350	624317
910350	717644
910350	838275
910350	877635
910376	62701
910376	565303
910376	717644
910376	819223
910376	832147
910376	874525
910376	909419
910376	913590
910376	914145
910376	915103
910400	513470
910400	910602
910405	913197
910419	98842
910419	180494
910419	195270
910419	351475
910419	402850
910419	566108
910419	631291
910419	772466
910419	874205
910450	309147
910450	349709
910450	396321
910459	194251
910474	14702
910474	170865
910474	181648
910474	420913
910474	458385
910474	495298
910474	526675
910474	556161
910474	642228
910474	671306
910474	743397
910474	775373
910507	612264
910511	916308
910514	237575
910526	599130
910534	387370
910538	97175
910570	687844
910570	914893
910591	158579
910591	914251
910608	916308
910613	8316
910613	532842
910613	666463
910613	875070
910613	897123
910613	915965
910613	916133
910620	29109
910620	224606
910620	242657
910620	267992
910620	285454
910620	297375
910620	384666
910620	452291
910620	563758
910620	646497
910620	658312
910620	747106
910620	819317
910620	821730
910633	33477
910633	149067
910633	246987
910633	345018
910633	347789
910633	491814
910633	591928
910633	636054
910633	737826
910633	827866
910636	221642
910654	162918
910654	334067
910660	408816
910660	617050
910660	916146
910679	284579
910704	43792
910704	203907
910704	375897
910704	913457
910714	146214
910714	846221
910714	915157
910722	91483
910722	152304
910726	359535
910738	8316
910738	100152
910738	532842
910738	621670
910738	864037
910738	875070
910738	876236
910738	897123
910738	913883
910738	915965
910738	916133
910743	540789
910773	8316
910773	532842
910773	630837
910773	735104
910773	783972
910773	892142
910773	897123
910773	904581
910773	912285
910793	332354
910793	333413
910793	385543
910793	612224
910793	819932
910795	796601
910795	811331
910806	353200
910806	477451
910806	579985
910806	914581
910813	54147
910813	379362
910813	529824
910813	716547
910813	915227
910822	546646
910822	561634
910822	898171
910822	915849
910823	863870
913293	710983
913293	721816
913293	910836
910864	860214
910885	183501
910889	549631
910889	639151
910889	692174
910889	834092
910889	864429
910904	353200
910904	477451
910904	579985
910904	914581
910952	91841
910952	354001
910952	513891
910952	558791
910952	564521
910954	599130
910954	672921
910970	625304
910970	859874
910976	71950
910976	296847
910976	344631
910976	382563
910976	527956
910976	542668
910976	579709
910976	623828
910976	793694
910976	823224
910977	717644
910977	758274
910977	819223
910977	874525
910977	909419
910977	913590
910977	914145
910977	915103
911015	353200
911015	477451
911015	579985
911015	914581
911687	316544
911687	611211
911069	79865
911069	129889
911069	488378
911069	587721
911069	729603
911069	804291
911089	170002
911089	382295
911089	540029
911089	556479
911089	592991
911089	745249
911089	915293
911103	52416
911103	54102
911103	126245
911103	145635
911103	157325
911103	298511
911103	425388
911103	497966
911103	783366
911103	828822
911109	413131
911109	523513
911109	691469
911109	914850
911130	483532
911177	156112
911177	351665
911177	504818
911177	564644
911177	672045
911182	216455
911182	324502
911182	339480
911182	638890
911182	648867
911182	738679
911182	831468
911182	845832
911182	850176
911237	58584
911237	161360
911237	306321
911237	332069
911237	336478
911237	362740
911237	426032
911237	536650
911237	657270
911237	687325
911237	701412
911237	736915
911237	751291
911254	200085
911254	545254
911254	597621
911254	783319
911254	826878
911254	878167
911266	62829
911266	167247
911266	220598
911266	356482
911266	389928
911266	423722
911266	471272
911266	537039
911266	706909
911266	718561
911266	745025
911266	777171
911266	847578
911266	866211
911317	70053
911317	146550
911317	177098
911317	554817
911317	750791
911317	764480
911317	786566
911317	790973
911317	804464
911317	814002
911317	858952
911317	891442
911317	896747
911339	154827
911339	549116
911339	771231
911353	713291
911354	438493
911354	748203
911354	860248
911357	48297
911357	109796
911357	191990
911357	208058
911357	380114
911357	486342
911357	526204
911357	531269
911357	594889
911357	658969
911357	714562
911357	716205
911357	755520
911357	759063
911357	762917
911357	852743
911357	855235
911357	865302
911357	879668
911378	418924
911378	673752
911378	754057
911386	94913
911386	165694
911386	420145
911386	459354
911386	709801
911386	751970
911386	844118
911462	916308
911472	913197
911481	114146
911481	810446
911494	819223
911494	909419
911494	913590
911494	914145
911494	915103
911534	241958
911534	557124
911534	605302
911534	885580
911538	478755
911539	353200
911539	477451
911539	579985
911539	914581
911570	913197
911580	195559
911580	483532
911580	520073
911580	546924
911580	647579
911585	6236
911585	64112
911585	182121
911585	208407
911585	317299
911585	341938
911585	426629
911585	441497
911585	553452
911585	749957
911585	860478
911636	837478
911636	915573
911637	110761
911637	336990
911637	448961
911637	484299
911637	795240
911638	354557
911638	471672
911638	819927
911638	865442
911638	915400
911644	31108
911644	170728
911644	414436
911644	568813
911644	916017
911655	346679
911683	399699
911683	412737
911685	164574
911685	190199
911685	235052
911685	311055
911685	326458
911685	339363
911685	502609
911685	627621
911685	643225
911685	716972
911685	752371
911685	899705
911688	244906
911688	322953
911688	605856
911688	666569
911691	187242
911691	307852
911697	54709
911697	79255
911697	186933
911697	192272
911697	194817
911697	215886
911697	238704
911697	300266
911697	414688
911697	556475
911697	577093
911697	626212
911697	638497
911697	832945
911697	837594
911697	859334
911697	873460
911697	875728
911697	902346
911708	223236
911708	544756
911708	669497
911717	592987
911717	604497
911742	55467
911742	65939
911742	80412
911742	127503
911742	201308
911742	293634
911742	394930
911742	501220
911742	650895
911742	715632
911742	752612
911742	877300
911742	914950
911768	881112
911796	111230
911796	206346
911796	326449
911796	449441
911796	466412
911796	780436
911806	353200
911806	477451
911806	579985
911806	914581
911809	382485
911809	399013
911818	183533
911818	294747
911818	336476
911818	471533
911818	618845
911818	787449
911819	280932
911819	544587
911819	605856
911819	874181
911828	189024
911828	238575
911828	340415
911828	522150
911828	663360
911829	32163
911829	149697
911829	873917
911837	72567
911837	401691
911837	486434
911837	627105
911837	805722
911844	733420
911848	336990
911848	448961
911848	484299
911848	795240
911859	317822
911859	617192
911863	7314
911867	236802
911867	912535
911873	429
911873	31180
911873	183014
911873	822997
911882	795635
911882	912958
911890	915601
914165	911901
911916	145402
911916	301118
911916	786385
911925	10619
911925	143467
911925	190354
911925	216213
911925	300162
911925	399447
911925	444961
911925	461057
911925	614371
911925	723692
911925	757175
911925	805629
911925	824976
911943	181562
911943	196104
911983	353200
911983	477451
911983	579985
911983	914581
911996	43792
911996	203907
911996	375897
911996	913457
912010	438491
912040	3497
912040	64558
912040	112048
912040	328562
912040	542707
912040	558170
912040	634257
912040	671613
912040	735798
912040	797645
912040	802014
912049	45356
912049	137773
912049	143337
912049	255355
912049	389179
912049	429268
912049	435441
912049	614831
912081	62701
912081	565303
912081	717644
912081	819223
912081	832147
912081	874525
912081	909419
912081	913590
912081	914145
912081	915103
912092	15763
912092	21682
912092	56009
912092	66407
912092	225622
912092	377961
912092	393434
912092	512037
912092	567181
912092	568648
912092	629364
912092	658611
912092	704589
912092	716287
912092	732067
912092	806878
912092	879519
912092	902522
912110	43792
912110	203907
912110	375897
912110	913457
912117	201187
912117	763139
912117	828963
912127	357414
912127	485691
912147	240138
912147	381932
912147	810446
912147	855590
912147	891714
912158	537039
912158	641732
912158	694685
912158	726284
912184	70433
912184	156791
912184	223809
912184	292158
912184	486980
912184	499389
912184	651311
912184	728535
912184	806402
912211	792570
912222	166510
912222	185067
912222	356752
912222	437062
912222	447532
912222	600972
912277	606572
912312	62701
912312	819223
912312	909419
912312	914145
912312	915103
912337	837478
912337	915573
912366	110775
912366	534585
912377	12371
912377	31968
912377	57309
912377	350185
912377	469421
912377	481078
912377	502225
912377	579131
912377	626055
912377	637532
912377	778241
912377	842759
912382	51579
912382	262993
912382	289429
912382	308186
912382	347190
912382	542630
912382	652713
912382	711061
912382	899840
912391	809
912391	22050
912391	174032
912391	187198
912391	216173
912391	236191
912391	336537
912391	448561
912391	483532
912391	499515
912391	509690
912391	546304
912391	614225
912391	775752
912397	7314
912397	916155
912399	32163
912399	872811
912405	244888
912427	470716
912427	807915
912427	913376
912432	658960
912442	79750
912442	150412
912442	205912
912442	212337
912442	354640
912442	387455
912442	398768
912442	546805
912442	682096
912442	708365
912442	781213
912442	812707
912442	819139
912444	766498
912446	54895
912446	198616
912446	276117
912446	293593
912446	585868
912446	896050
912446	915151
912505	54147
912505	69356
912505	423305
912505	601176
912505	903909
912505	915226
912517	128583
912524	863232
912524	914230
912537	43792
912537	203907
912537	375897
912537	913457
912551	16657
912551	172133
912551	190816
912551	291563
912551	484260
912551	558052
912551	722996
912573	30836
912573	37371
912573	136011
912573	253188
912573	294569
912573	332908
912573	385016
912573	414364
912573	433100
912573	461777
912573	551829
912573	649713
912573	787518
912573	899170
912573	906999
912586	163075
912586	463515
912586	624300
912586	804489
912597	216304
912597	665027
912669	324502
912669	435183
912683	832374
912683	845798
912683	906630
912689	725659
912689	751211
912717	32163
912717	48888
912717	134750
912717	138746
912717	230053
912717	409118
912717	624510
912717	686544
912717	791303
912717	808650
912717	812640
912717	914865
912729	557124
912729	607736
912729	869315
912764	422285
912764	914698
912771	147982
912771	166435
912771	581823
912771	604520
912775	845798
912775	906630
912775	915031
912777	143197
912777	222591
912777	226374
912777	319924
912777	456439
912777	502388
912777	631811
912777	757240
912777	765215
912781	481942
912781	641941
912787	173911
912787	507979
912787	798821
912787	866946
912793	98324
912793	123683
912793	127523
912793	384666
912793	415583
912793	447011
912793	452291
912793	629219
912793	659874
912793	872581
912829	101189
912829	346441
912830	136364
912830	555924
912831	851772
912861	847926
912861	916047
912890	311660
912890	776888
912894	1756
912894	33477
912894	59559
912894	149067
912894	192945
912894	199186
912894	232263
912894	246987
912894	345018
912894	392101
912894	401005
912894	491814
912894	591928
912894	636054
912894	682781
912894	827866
912894	888046
912913	32163
912913	138746
912913	153444
912913	658236
912913	697519
912913	747032
912913	812640
912924	234244
912924	265774
912924	382721
912924	457971
912924	537687
912924	540373
912924	558791
912924	564521
912924	664079
912924	743187
912924	765782
912924	811049
912924	836287
912924	854969
912924	907556
912953	914793
912960	331829
912960	398625
912960	433466
912960	832043
912960	836472
912980	51310
912980	134225
912980	173798
912980	183307
912980	192286
912980	248059
912980	272995
912980	407286
912980	407841
912980	503710
912980	599516
912980	758964
912980	788172
913002	104688
913002	128082
913002	464602
913002	799860
913002	858267
913002	878702
913015	451794
913015	665875
913025	17412
913025	109040
913025	286470
913025	394264
913025	406397
913025	513493
913025	600897
913025	787964
913025	915857
913029	658124
913049	832374
913049	845798
913049	906630
913050	193414
913050	913693
913062	232844
913062	298511
913062	606059
913081	204626
913081	243324
913081	532391
913081	535309
913081	680450
913081	751384
913081	813872
913081	845446
913081	886156
913083	71971
913083	111026
913100	716770
913110	353654
913110	424478
913110	441714
913110	599265
913110	646796
913110	713551
913110	794339
913110	914722
913166	213432
913166	252341
913166	469876
913185	104922
913185	220138
913185	236805
913185	287235
913185	544669
913185	558401
913185	583736
913185	603849
913185	642759
913185	658103
913185	696343
913185	751536
913185	828963
913185	896824
913213	254613
913213	352429
913213	379358
913213	614831
913232	397885
913233	24242
913233	361234
913233	499567
913288	123333
913288	137969
913288	401695
913288	502986
913288	848498
913349	600769
913355	353200
913355	477451
913355	579985
913355	914581
913366	295014
913366	399699
913366	403864
913366	566446
913366	630274
913366	714573
913366	888404
913366	914773
913369	513517
913373	353200
913373	477451
913373	579985
913373	914581
913389	832374
913389	845798
913389	906630
913401	138951
913401	475949
913401	731101
913401	783307
913404	353855
913411	259173
913411	425770
913411	430015
913411	759171
913422	355303
913422	374198
913422	417728
913424	319302
913424	338685
913424	705360
913424	768476
913424	818382
913442	78843
913442	132094
913442	261239
913442	432392
913442	455949
913442	632695
913442	876076
913451	380847
913474	244888
913516	276878
913516	745935
913516	914046
913539	427629
913539	576352
913539	585903
913539	606542
913539	671721
913539	855503
913539	872471
913545	7314
913545	482254
913545	582701
913560	197780
913560	389591
913563	298511
913563	633438
913567	837478
913567	915573
913593	418639
913593	495084
913593	808197
913627	103799
913627	115062
913627	337061
913627	373033
913627	405981
913627	579314
913627	662967
913627	704820
913627	715550
913627	720812
913627	774974
913627	840349
913629	24145
913629	59809
913629	110031
913629	110843
913629	123577
913629	335996
913629	346556
913629	399699
913629	427981
913629	515273
913629	629265
913629	738198
913629	747246
913629	749027
913629	775096
913629	776695
913638	90084
913656	828963
913697	113180
913697	223236
913733	166435
913733	774321
913735	191990
913735	380114
913747	73590
913747	122235
913747	259256
913747	425770
913747	506470
913747	569855
913750	597621
913750	783319
913751	744951
913753	535992
913753	536987
913758	137773
913758	143337
913758	255355
913758	614831
913829	566314
913829	666441
913829	751384
913829	880523
913829	903737
913841	472581
913841	748858
913841	818107
913842	376521
913842	380694
913842	398188
913842	434134
913842	615861
913842	851224
913842	914616
913848	549485
913863	896230
913872	693077
913872	800552
913898	108157
913898	246566
913898	500043
913898	555924
913898	690491
913898	723094
913898	779597
913898	786121
913898	807316
913917	837478
913917	915573
913927	75878
913927	84314
913927	150085
913927	184767
913927	230043
913927	238134
913927	334320
913927	366585
913927	420257
913927	650679
913927	764645
913944	178048
913944	219973
913944	455439
913944	686049
913944	697148
913944	731006
913944	747672
913944	869934
913950	161360
913950	239450
913950	630542
913950	736915
913962	418973
913962	434176
913973	124098
913973	239208
913973	267770
913973	427984
913973	681779
913973	734053
913973	754075
913973	816575
913973	830768
914019	60725
914019	75049
914019	132683
914019	316338
914019	354640
914019	424520
914019	437601
914019	481278
914019	566901
914019	695596
914019	754161
914019	889200
914029	703099
914065	91271
914067	376852
914067	597621
914127	168466
914127	384666
914127	452291
914127	452954
914127	580401
914127	721522
914127	770423
914127	772294
914127	833859
914127	841805
914127	883244
914127	884119
914127	890801
914127	900576
914127	906958
914127	909303
914131	879413
914131	915462
914133	107998
914133	113461
914133	195154
914133	216542
914133	277193
914133	429927
914133	491889
914133	599252
914133	627635
914133	674557
914133	683193
914133	794565
914133	802001
914133	803149
914133	810729
914134	268193
914134	434118
914134	849719
914135	220341
914135	368339
914135	808288
914143	898798
914143	915557
914155	421744
914155	548857
914155	656433
914155	789128
914155	903311
914156	121623
914156	165533
914156	360888
914156	478683
914156	578111
914156	787318
914156	787762
914156	841940
914171	117665
914171	191990
914171	491505
914171	715323
914171	781708
914183	503849
914183	615346
914190	55631
914190	222313
914190	340051
914190	462560
914190	555742
914190	564126
914190	636929
914190	656777
914190	896199
914198	96456
914198	296967
914198	619879
914198	707381
914198	864246
914246	340519
914246	414354
914254	70053
914254	124082
914254	190621
914254	417728
914256	43622
914256	117030
914256	256458
914256	277876
914256	778076
914256	803959
914256	825279
914256	828964
914263	360990
914263	852635
914263	914495
914264	62252
914264	75664
914264	208212
914264	596972
914264	653579
914264	787944
914264	830129
914264	856915
914266	28777
914266	199966
914266	277876
914266	433342
914266	582120
914266	603573
914266	738899
914266	763698
914266	826959
914266	874864
914282	20960
914282	95012
914282	199391
914282	260035
914282	565451
914304	462419
914304	744120
914304	914527
914383	37022
914383	438493
914383	547432
914404	77619
914404	93163
914404	203112
914404	284373
914404	303181
914404	359270
914404	378475
914404	597853
914404	659974
914404	817585
914404	884658
914407	604723
914410	353200
914410	477451
914410	579985
914410	914581
914414	586153
914414	679165
914414	844281
914439	612199
914459	244888
914464	787057
914464	914474
914464	915709
914483	182128
914483	315511
914483	551076
914483	777368
914483	911350
914483	912758
914487	183064
914487	762692
914511	65732
914511	191990
914511	658969
914511	762917
914511	855235
914538	89900
914538	249761
914538	294936
914538	297447
914538	319458
914538	350923
914538	411917
914538	512341
914538	599130
914538	625128
914538	636957
914538	672180
914538	761888
914538	787708
914538	908232
914575	252718
914575	405452
914615	452891
914615	576347
914615	605856
914617	9810
914617	11243
914617	187358
914617	224615
914617	633524
914617	750619
914617	751384
914617	871297
914639	87591
914639	561812
914639	885546
914670	231272
914670	281011
914670	630321
914670	713171
914678	39935
914678	55296
914678	127292
914678	321004
914678	351031
914678	358294
914678	384666
914678	417194
914678	458892
914678	459074
914678	485460
914678	502995
914678	555174
914678	561980
914678	568104
914678	573780
914678	684981
914678	732203
914709	258913
914709	276891
914709	324337
914709	469316
914709	472255
914709	558791
914709	564521
914709	586943
914709	592828
914709	625838
914709	669743
914709	680499
914709	735168
914709	788971
914727	195559
914727	464826
914727	483532
914727	546924
914727	576673
914727	647579
914727	791494
914740	327146
914740	361003
914740	394003
914740	407610
914740	531109
914740	573896
914740	688220
914740	879024
914740	898250
914742	72131
914742	83246
914742	228994
914742	231285
914742	267796
914742	404700
914742	519235
914742	521295
914742	554421
914742	599301
914742	600769
914742	686403
914742	795360
914742	916234
914765	833284
914765	888908
914784	168470
914820	25711
914820	54147
914820	350770
914820	359896
914820	736355
914832	50286
914832	273944
914832	332919
914832	415882
914832	450946
914832	487340
914832	530866
914832	624877
914832	764655
914832	817020
914832	872371
914836	122369
914836	371781
914836	480325
914836	587024
914836	659268
914836	679907
914836	682415
914836	818382
914841	39934
914841	77927
914841	211106
914841	320059
914841	351473
914841	427343
914841	460616
914841	875265
914885	223357
914885	884090
914888	837478
914888	915573
914924	915248
914946	11686
914946	639462
914946	755156
914997	199281
914997	223236
914997	325423
914997	622702
914997	708965
914997	814716
915021	916181
915030	137553
915030	159524
915030	213432
915030	525282
915030	916068
915042	113717
915042	130672
915042	189244
915042	220588
915042	342785
915042	355221
915042	424139
915042	464137
915042	557124
915042	602671
915042	628550
915042	635459
915042	645316
915042	689614
915042	764309
915042	798909
915042	805390
915042	892393
915056	20733
915056	59116
915056	90074
915056	210384
915056	245094
915056	345101
915056	350457
915056	377980
915056	421314
915056	446524
915056	483633
915056	502158
915056	601675
915056	667543
915056	786977
915056	838648
915056	874936
915056	908063
915115	284579
915162	133846
915162	345791
915162	537039
915162	562878
915162	641732
915162	694685
915162	726284
915168	15024
915168	124566
915168	154489
915168	347960
915168	380669
915168	482171
915168	504168
915168	530740
915168	559780
915168	606203
915168	753930
915168	794020
915168	885605
915203	417728
915203	871379
915217	17547
915217	47927
915217	48693
915217	77153
915217	120968
915217	125619
915217	251202
915217	303410
915217	361053
915217	536315
915217	560029
915217	646710
915217	709020
915217	709137
915217	753689
915217	772923
915217	814022
915217	826872
915217	915654
915221	381902
915221	621088
915221	629727
915221	781768
915221	916030
915259	48494
915259	72730
915259	198198
915259	213672
915259	248180
915259	260777
915259	283470
915259	535524
915259	752671
915267	132735
915267	661101
915267	792239
915267	869066
915354	584875
915359	444164
915359	885605
915363	8083
915363	909836
915365	757118
915369	62701
915369	812936
915369	819223
915393	247304
915401	42067
915401	57755
915401	121114
915401	201798
915401	349626
915401	407407
915401	409791
915401	422292
915401	521983
915401	597571
915401	714620
915401	717644
915401	724044
915401	731498
915401	819223
915401	832147
915401	835636
915401	874525
915405	246614
915405	558791
915405	564521
915470	83540
915470	344675
915470	493131
915481	12954
915481	405961
915481	438493
915481	679609
915488	13707
915488	154489
915488	482171
915488	753930
915488	885605
915525	78813
915525	149062
915525	252742
915525	282017
915525	347128
915525	537039
915525	583335
915525	662498
915525	666563
915525	723466
915525	860621
915525	895195
915525	896789
915529	39364
915529	420049
915529	725612
915529	829521
915535	272648
915535	466052
915568	18494
915568	62680
915568	210742
915568	218897
915568	244548
915568	262163
915568	354640
915568	366247
915568	489254
915568	531263
915568	668089
915568	701826
915568	702951
915568	703855
915568	705336
915568	768166
915568	769491
915568	816206
915568	863951
915568	888351
915568	911475
915568	915940
915589	408816
915589	617050
915589	916146
915598	21682
915598	595284
915598	813327
915598	879858
915600	117665
915600	191990
915600	369113
915600	491505
915600	715323
915600	781708
915603	29335
915603	119386
915603	334526
915603	497334
915603	586560
915603	619493
915615	504165
915615	534415
915647	14689
915647	66539
915647	157870
915647	271018
915647	299274
915647	384994
915647	391246
915647	547741
915647	706230
915647	728561
915647	803710
915659	4004
915659	12680
915659	214131
915659	339830
915659	725249
915668	278022
915677	78244
915677	599130
915696	846042
915696	863964
915705	260016
915806	32163
915806	68164
915806	150996
915806	177315
915806	186719
915806	208632
915806	222623
915806	247983
915806	289169
915806	506777
915806	529786
915806	715903
915821	16868
915821	243254
915886	402132
915955	67263
915955	116997
915955	190552
915955	395430
915955	403435
915955	447883
915955	453888
915955	487514
915955	551598
915955	556384
915955	564007
915955	573279
915955	661825
915955	713386
915955	722959
915955	751961
915955	782175
915955	785584
915955	804489
915955	855348
915955	871618
915960	916308
915964	163075
915964	262197
915964	670337
915964	853873
915987	213630
915987	416176
915987	620263
915987	788113
915990	17889
915990	30993
915990	74397
915990	374235
916027	113052
916027	156677
916027	575030
916027	746442
916040	253334
916061	36292
916061	180470
916061	246937
916061	537972
916061	741874
916062	72625
916062	429721
916062	443767
916062	453961
916062	509256
916062	644430
916062	673828
916062	684018
916062	687265
916062	765334
916062	784955
916071	14393
916071	159541
916071	242183
916071	279824
916071	536368
916071	592877
916071	626852
916071	743252
916071	753837
916071	831209
916071	859704
916071	872127
916071	874619
916071	914460
916103	66147
916103	97179
916103	358396
916103	805931
916103	858141
916114	537039
916114	675520
916114	697860
916114	837883
916114	872843
916169	518803
916169	720530
916169	856728
916208	612264
916235	238266
916235	682096
916244	122865
916244	208701
916267	110761
916267	336990
916267	448961
916267	484299
916267	795240
916296	357067
916344	191990
916344	650437
916348	18443
916348	68396
916348	121754
916348	168697
916348	206485
916348	299705
916348	305102
916348	401618
916348	505871
916348	555152
916348	627747
916348	708575
916348	833175
916348	839443
916348	911939
916425	116832
916425	197330
916425	218829
916425	229195
916425	367498
916425	379452
916425	521152
916425	547323
916425	604833
916425	632916
916425	637936
916425	837379
